1685731550.4270644
1685731550.4374495
1685731550.447922
1685731550.4583437
1685731550.4686995
1685731550.4789932
1685731550.4891934
1685731550.4993784
1685731550.5095603
1685731550.519836
1685731550.530318
1685731550.5405092
1685731550.5506966
1685731550.560879
1685731550.5710585
1685731550.581301
1685731550.5914917
1685731550.6016939
1685731550.6118724
1685731550.6220431
1685731550.6322389
1685731550.6424217
1685731550.6525939
1685731550.662855
1685731550.673031
1685731550.683467
1685731550.6937237
1685731550.7039235
1685731550.7141483
1685731550.7243316
1685731550.7345333
1685731550.744726
1685731550.7549078
1685731550.7650907
1685731550.7752686
1685731550.7854764
1685731550.7956595
1685731550.805876
1685731550.816059
1685731550.8263595
1685731550.8365536
1685731550.846886
1685731550.8570654
1685731550.867239
1685731550.8774145
1685731550.8876483
1685731550.8978848
1685731550.9080656
1685731550.9182472
1685731550.9284778
1685731550.9386642
1685731550.9488914
1685731550.9590633
1685731550.9692423
1685731550.9801543
1685731550.9904783
1685731551.0006921
1685731551.0109007
1685731551.021073
1685731551.031297
1685731551.0414934
1685731551.0516663
1685731551.061903
1685731551.072076
1685731551.08234
1685731551.0925338
1685731551.1027207
1685731551.1129117
1685731551.123083
1685731551.133395
1685731551.1435769
1685731551.153756
1685731551.1640484
1685731551.1743636
1685731551.184759
1685731551.195077
1685731551.2053933
1685731551.2157001
1685731551.2260025
1685731551.2363415
1685731551.246654
1685731551.257073
1685731551.2672763
1685731551.277457
1685731551.287662
1685731551.2979352
1685731551.3082168
1685731551.318498
1685731551.3287683
1685731551.3389747
1685731551.3491583
1685731551.359332
1685731551.3695197
1685731551.3797026
1685731551.3899531
1685731551.4001555
1685731551.4103363
1685731551.420514
1685731551.4307358
1685731551.4409552
1685731551.451134
1685731551.4613097
1685731551.4714804
1685731551.4816978
1685731551.4919596
1685731551.5021532
1685731551.512325
1685731551.5224943
1685731551.532703
1685731551.5429697
1685731551.5531466
1685731551.563319
1685731551.5734851
1685731551.5853155
1685731551.5955827
1685731551.6057825
1685731551.6159787
1685731551.626151
1685731551.636418
1685731551.6467073
1685731551.65701
1685731551.6672018
1685731551.6773753
1685731551.6875925
1685731551.697781
1685731551.7079911
1685731551.7181685
1685731551.7283437
1685731551.7385561
1685731551.7487779
1685731551.7589955
1685731551.7691636
1685731551.779338
1685731551.7895417
1685731551.799722
1685731551.8100045
1685731551.8201787
1685731551.830354
1685731551.8405547
1685731551.850732
1685731551.86101
1685731551.8711808
1685731551.8813536
1685731551.8916664
1685731551.9018824
1685731551.912065
1685731551.9222972
1685731551.932581
1685731551.9428704
1685731551.953064
1685731551.9632423
1685731551.973419
1685731551.9836917
1685731551.9938903
1685731552.004098
1685731552.0142727
1685731552.0244462
1685731552.034657
1685731552.0448325
1685731552.0550332
1685731552.0652034
1685731552.0753782
1685731552.085607
1685731552.0957897
1685731552.1060464
1685731552.116232
1685731552.1264036
1685731552.1366124
1685731552.146793
1685731552.1570497
1685731552.1672275
1685731552.1774035
1685731552.1876378
1685731552.1978216
1685731552.2080588
1685731552.218231
1685731552.228404
1685731552.2385967
1685731552.248779
1685731552.25906
1685731552.2692275
1685731552.2794228
1685731552.2896285
1685731552.2998111
1685731552.3100688
1685731552.3202465
1685731552.3304422
1685731552.3406382
1685731552.3508437
1685731552.361076
1685731552.3712442
1685731552.381419
1685731552.3916128
1685731552.401821
1685731552.4120803
1685731552.4222507
1685731552.4324417
1685731552.4426343
1685731552.4528258
